F18 = struct();

F18.mass = 15118.35;
F18.b = 11.405;
F18.c = 3.511;
F18.S = 37.16;
F18.Inertia = [31181.88 0 0;
               0 205113.07 0;
               0 0 230400.22];
F18.Tm = 49817.6;